
Note: No compatibility mode selected!


Circuit: ohmni sourced behavior circuit

Doing analysis at TEMP = 25.000000 and TNOM = 25.000000


Initial Transient Solution
--------------------------

Node                                   Voltage
----                                   -------
n1                                           0
c1_b                                         0


No. of Data Rows : 1069
                         ohmni sourced behavior circuit
                         Transient Analysis  Fri Oct  9 23:26:50  2026
--------------------------------------------------------------------------------
Index   time            v(n1)           
--------------------------------------------------------------------------------
0	0.000000000000000e+00	0.000000000000000e+00	
1	1.000000000000000e-05	3.510108000000000e-05	
2	1.084000000000622e-05	3.804957834050184e-05	
3	1.252000000001867e-05	4.394659026246552e-05	
4	1.588000000004355e-05	5.574070555215287e-05	
5	2.260000000009333e-05	7.932930191456759e-05	
6	3.604000000019289e-05	1.265079577715570e-04	
7	6.292000000039199e-05	2.208711220141757e-04	
8	1.166800000007902e-04	4.096208606139714e-04	
9	2.242000000015867e-04	7.872139782717891e-04	
10	4.392400000031796e-04	1.542774775420274e-03	
11	8.693200000063654e-04	3.055394617048198e-03	
12	1.000000000000000e-03	3.515400543808147e-03	
13	1.086016000000637e-03	3.516329516607549e-03	
14	1.258048000001912e-03	3.518187462206175e-03	
15	1.602112000004460e-03	3.521903353402362e-03	
16	2.290240000009557e-03	3.529335135790476e-03	
17	3.666496000019752e-03	3.544198700549654e-03	
18	6.419008000040140e-03	3.573925829999825e-03	
19	1.192403200008092e-02	3.633380088627419e-03	
20	2.192403200008092e-02	3.741380086656529e-03	
21	3.192403200008092e-02	3.849380083485639e-03	
22	4.192403200008092e-02	3.957380079114749e-03	
23	5.192403200008092e-02	4.065380073543860e-03	
24	6.192403200008093e-02	4.173380066772970e-03	
25	7.192403200008092e-02	4.281380058802081e-03	
26	8.192403200008092e-02	4.389380049631192e-03	
27	9.192403200008091e-02	4.497380039260303e-03	
28	1.019240320000809e-01	4.605380027689413e-03	
29	1.119240320000809e-01	4.713380014918524e-03	
30	1.219240320000809e-01	4.821380000947635e-03	
31	1.319240320000809e-01	4.929379985776747e-03	
32	1.419240320000809e-01	5.037379969405857e-03	
33	1.519240320000809e-01	5.145379951834970e-03	
34	1.619240320000809e-01	5.253379933064082e-03	
35	1.719240320000809e-01	5.361379913093194e-03	
36	1.819240320000809e-01	5.469379891922307e-03	
37	1.919240320000810e-01	5.577379869551420e-03	
38	2.019240320000810e-01	5.685379845980533e-03	
39	2.119240320000810e-01	5.793379821209647e-03	
40	2.219240320000810e-01	5.901379795238761e-03	
41	2.319240320000810e-01	6.009379768067875e-03	
42	2.419240320000810e-01	6.117379739696989e-03	
43	2.519240320000810e-01	6.225379710126104e-03	
44	2.619240320000810e-01	6.333379679355219e-03	
45	2.719240320000810e-01	6.441379647384334e-03	
46	2.819240320000810e-01	6.549379614213449e-03	
47	2.919240320000810e-01	6.657379579842566e-03	
48	3.019240320000811e-01	6.765379544271683e-03	
49	3.119240320000811e-01	6.873379507500799e-03	
50	3.219240320000811e-01	6.981379469529916e-03	
51	3.319240320000811e-01	7.089379430359034e-03	
52	3.419240320000811e-01	7.197379389988151e-03	
53	3.519240320000811e-01	7.305379348417273e-03	
54	3.619240320000811e-01	7.413379305646391e-03	

Index   time            v(n1)           
--------------------------------------------------------------------------------
55	3.719240320000811e-01	7.521379261675512e-03	
56	3.819240320000811e-01	7.629379216504631e-03	
57	3.919240320000811e-01	7.737379170133754e-03	
58	4.019240320000811e-01	7.845379122562878e-03	
59	4.119240320000812e-01	7.953379073791999e-03	
60	4.219240320000812e-01	8.061379023821121e-03	
61	4.319240320000812e-01	8.169378972650245e-03	
62	4.419240320000812e-01	8.277378920279369e-03	
63	4.519240320000812e-01	8.385378866708494e-03	
64	4.619240320000812e-01	8.493378811937617e-03	
65	4.719240320000812e-01	8.601378755966744e-03	
66	4.819240320000812e-01	8.709378698795869e-03	
67	4.919240320000812e-01	8.817378640424993e-03	
68	5.019240320000812e-01	8.925378580854123e-03	
69	5.119240320000812e-01	9.033378520083251e-03	
70	5.219240320000812e-01	9.141378458112377e-03	
71	5.319240320000812e-01	9.249378394941509e-03	
72	5.419240320000812e-01	9.357378330570638e-03	
73	5.519240320000812e-01	9.465378264999770e-03	
74	5.619240320000812e-01	9.573378198228904e-03	
75	5.719240320000812e-01	9.681378130258038e-03	
76	5.819240320000812e-01	9.789378061087175e-03	
77	5.919240320000813e-01	9.897377990716310e-03	
78	6.019240320000813e-01	1.000537791914544e-02	
79	6.119240320000813e-01	1.011337784637458e-02	
80	6.219240320000813e-01	1.022137777240372e-02	
81	6.319240320000813e-01	1.032937769723286e-02	
82	6.419240320000813e-01	1.043737762086199e-02	
83	6.519240320000813e-01	1.054537754329113e-02	
84	6.619240320000813e-01	1.065337746452027e-02	
85	6.719240320000813e-01	1.076137738454942e-02	
86	6.819240320000813e-01	1.086937730337856e-02	
87	6.919240320000813e-01	1.097737722100770e-02	
88	7.019240320000814e-01	1.108537713743685e-02	
89	7.119240320000814e-01	1.119337705266599e-02	
90	7.219240320000814e-01	1.130137696669513e-02	
91	7.319240320000814e-01	1.140937687952428e-02	
92	7.419240320000814e-01	1.151737679115343e-02	
93	7.519240320000814e-01	1.162537670158258e-02	
94	7.619240320000814e-01	1.173337661081174e-02	
95	7.719240320000814e-01	1.184137651884089e-02	
96	7.819240320000814e-01	1.194937642567004e-02	
97	7.919240320000814e-01	1.205737633129919e-02	
98	8.019240320000814e-01	1.216537623572835e-02	
99	8.119240320000815e-01	1.227337613895750e-02	
100	8.219240320000815e-01	1.238137604098666e-02	
101	8.319240320000815e-01	1.248937594181582e-02	
102	8.419240320000815e-01	1.259737584144498e-02	
103	8.519240320000815e-01	1.270537573987414e-02	
104	8.619240320000815e-01	1.281337563710330e-02	
105	8.719240320000815e-01	1.292137553313246e-02	
106	8.819240320000815e-01	1.302937542796163e-02	
107	8.919240320000815e-01	1.313737532159079e-02	
108	9.019240320000815e-01	1.324537521401996e-02	
109	9.119240320000815e-01	1.335337510524912e-02	
110	9.219240320000816e-01	1.346137499527829e-02	
111	9.319240320000816e-01	1.356937488410746e-02	
112	9.419240320000816e-01	1.367737477173664e-02	

Index   time            v(n1)           
--------------------------------------------------------------------------------
113	9.519240320000816e-01	1.378537465816581e-02	
114	9.619240320000816e-01	1.389337454339498e-02	
115	9.719240320000816e-01	1.400137442742416e-02	
116	9.819240320000816e-01	1.410937431025334e-02	
117	9.919240320000816e-01	1.421737419188252e-02	
118	1.001924032000082e+00	1.432537407231170e-02	
119	1.011924032000082e+00	1.443337395154088e-02	
120	1.021924032000082e+00	1.454137382957006e-02	
121	1.031924032000082e+00	1.464937370639924e-02	
122	1.041924032000082e+00	1.475737358202843e-02	
123	1.051924032000082e+00	1.486537345645761e-02	
124	1.061924032000082e+00	1.497337332968680e-02	
125	1.071924032000082e+00	1.508137320171599e-02	
126	1.081924032000082e+00	1.518937307254518e-02	
127	1.091924032000082e+00	1.529737294217437e-02	
128	1.101924032000082e+00	1.540537281060356e-02	
129	1.111924032000082e+00	1.551337267783276e-02	
130	1.121924032000082e+00	1.562137254386196e-02	
131	1.131924032000082e+00	1.572937240869115e-02	
132	1.141924032000082e+00	1.583737227232035e-02	
133	1.151924032000082e+00	1.594537213474955e-02	
134	1.161924032000082e+00	1.605337199597875e-02	
135	1.171924032000082e+00	1.616137185600796e-02	
136	1.181924032000082e+00	1.626937171483716e-02	
137	1.191924032000082e+00	1.637737157246637e-02	
138	1.201924032000082e+00	1.648537142889558e-02	
139	1.211924032000082e+00	1.659337128412479e-02	
140	1.221924032000082e+00	1.670137113815400e-02	
141	1.231924032000082e+00	1.680937099098321e-02	
142	1.241924032000082e+00	1.691737084261243e-02	
143	1.251924032000082e+00	1.702537069304164e-02	
144	1.261924032000082e+00	1.713337054227086e-02	
145	1.271924032000082e+00	1.724137039030008e-02	
146	1.281924032000082e+00	1.734937023712931e-02	
147	1.291924032000082e+00	1.745737008275854e-02	
148	1.301924032000082e+00	1.756536992718776e-02	
149	1.311924032000082e+00	1.767336977041699e-02	
150	1.321924032000082e+00	1.778136961244622e-02	
151	1.331924032000082e+00	1.788936945327545e-02	
152	1.341924032000082e+00	1.799736929290468e-02	
153	1.351924032000082e+00	1.810536913133392e-02	
154	1.361924032000082e+00	1.821336896856315e-02	
155	1.371924032000082e+00	1.832136880459239e-02	
156	1.381924032000082e+00	1.842936863942163e-02	
157	1.391924032000082e+00	1.853736847305087e-02	
158	1.401924032000082e+00	1.864536830548011e-02	
159	1.411924032000082e+00	1.875336813670936e-02	
160	1.421924032000082e+00	1.886136796673860e-02	
161	1.431924032000082e+00	1.896936779556785e-02	
162	1.441924032000082e+00	1.907736762319710e-02	
163	1.451924032000082e+00	1.918536744962636e-02	
164	1.461924032000082e+00	1.929336727485562e-02	
165	1.471924032000082e+00	1.940136709888488e-02	
166	1.481924032000082e+00	1.950936692171413e-02	
167	1.491924032000082e+00	1.961736674334339e-02	
168	1.501924032000082e+00	1.972536656377266e-02	
169	1.511924032000082e+00	1.983336638300193e-02	
170	1.521924032000082e+00	1.994136620103119e-02	

Index   time            v(n1)           
--------------------------------------------------------------------------------
171	1.531924032000082e+00	2.004936601786046e-02	
172	1.541924032000082e+00	2.015736583348974e-02	
173	1.551924032000082e+00	2.026536564791901e-02	
174	1.561924032000082e+00	2.037336546114829e-02	
175	1.571924032000082e+00	2.048136527317757e-02	
176	1.581924032000082e+00	2.058936508400684e-02	
177	1.591924032000082e+00	2.069736489363612e-02	
178	1.601924032000082e+00	2.080536470206540e-02	
179	1.611924032000082e+00	2.091336450929469e-02	
180	1.621924032000082e+00	2.102136431532398e-02	
181	1.631924032000082e+00	2.112936412015327e-02	
182	1.641924032000082e+00	2.123736392378256e-02	
183	1.651924032000082e+00	2.134536372621186e-02	
184	1.661924032000082e+00	2.145336352744116e-02	
185	1.671924032000082e+00	2.156136332747046e-02	
186	1.681924032000082e+00	2.166936312629976e-02	
187	1.691924032000082e+00	2.177736292392907e-02	
188	1.701924032000082e+00	2.188536272035837e-02	
189	1.711924032000082e+00	2.199336251558768e-02	
190	1.721924032000082e+00	2.210136230961699e-02	
191	1.731924032000082e+00	2.220936210244630e-02	
192	1.741924032000082e+00	2.231736189407562e-02	
193	1.751924032000082e+00	2.242536168450493e-02	
194	1.761924032000082e+00	2.253336147373426e-02	
195	1.771924032000082e+00	2.264136126176358e-02	
196	1.781924032000082e+00	2.274936104859291e-02	
197	1.791924032000082e+00	2.285736083422224e-02	
198	1.801924032000082e+00	2.296536061865156e-02	
199	1.811924032000082e+00	2.307336040188089e-02	
200	1.821924032000082e+00	2.318136018391023e-02	
201	1.831924032000082e+00	2.328935996473957e-02	
202	1.841924032000082e+00	2.339735974436891e-02	
203	1.851924032000082e+00	2.350535952279825e-02	
204	1.861924032000082e+00	2.361335930002759e-02	
205	1.871924032000082e+00	2.372135907605695e-02	
206	1.881924032000082e+00	2.382935885088629e-02	
207	1.891924032000082e+00	2.393735862451564e-02	
208	1.901924032000082e+00	2.404535839694499e-02	
209	1.911924032000082e+00	2.415335816817435e-02	
210	1.921924032000082e+00	2.426135793820370e-02	
211	1.931924032000082e+00	2.436935770703307e-02	
212	1.941924032000082e+00	2.447735747466242e-02	
213	1.951924032000082e+00	2.458535724109179e-02	
214	1.961924032000082e+00	2.469335700632116e-02	
215	1.971924032000082e+00	2.480135677035053e-02	
216	1.981924032000082e+00	2.490935653317990e-02	
217	1.991924032000082e+00	2.501735629480928e-02	
218	2.001924032000082e+00	2.512535605523866e-02	
219	2.011924032000082e+00	2.523335581446805e-02	
220	2.021924032000082e+00	2.534135557249744e-02	
221	2.031924032000082e+00	2.544935532932682e-02	
222	2.041924032000082e+00	2.555735508495621e-02	
223	2.051924032000081e+00	2.566535483938561e-02	
224	2.061924032000081e+00	2.577335459261500e-02	
225	2.071924032000081e+00	2.588135434464440e-02	
226	2.081924032000081e+00	2.598935409547380e-02	
227	2.091924032000080e+00	2.609735384510320e-02	
228	2.101924032000080e+00	2.620535359353261e-02	

Index   time            v(n1)           
--------------------------------------------------------------------------------
229	2.111924032000080e+00	2.631335334076202e-02	
230	2.121924032000080e+00	2.642135308679144e-02	
231	2.131924032000080e+00	2.652935283162086e-02	
232	2.141924032000079e+00	2.663735257525028e-02	
233	2.151924032000079e+00	2.674535231767970e-02	
234	2.161924032000079e+00	2.685335205890912e-02	
235	2.171924032000079e+00	2.696135179893855e-02	
236	2.181924032000079e+00	2.706935153776798e-02	
237	2.191924032000078e+00	2.717735127539741e-02	
238	2.201924032000078e+00	2.728535101182684e-02	
239	2.211924032000078e+00	2.739335074705628e-02	
240	2.221924032000078e+00	2.750135048108573e-02	
241	2.231924032000077e+00	2.760935021391518e-02	
242	2.241924032000077e+00	2.771734994554462e-02	
243	2.251924032000077e+00	2.782534967597408e-02	
244	2.261924032000077e+00	2.793334940520354e-02	
245	2.271924032000077e+00	2.804134913323300e-02	
246	2.281924032000076e+00	2.814934886006246e-02	
247	2.291924032000076e+00	2.825734858569193e-02	
248	2.301924032000076e+00	2.836534831012140e-02	
249	2.311924032000076e+00	2.847334803335086e-02	
250	2.321924032000076e+00	2.858134775538034e-02	
251	2.331924032000075e+00	2.868934747620983e-02	
252	2.341924032000075e+00	2.879734719583930e-02	
253	2.351924032000075e+00	2.890534691426878e-02	
254	2.361924032000075e+00	2.901334663149827e-02	
255	2.371924032000075e+00	2.912134634752776e-02	
256	2.381924032000074e+00	2.922934606235725e-02	
257	2.391924032000074e+00	2.933734577598675e-02	
258	2.401924032000074e+00	2.944534548841625e-02	
259	2.411924032000074e+00	2.955334519964576e-02	
260	2.421924032000073e+00	2.966134490967527e-02	
261	2.431924032000073e+00	2.976934461850477e-02	
262	2.441924032000073e+00	2.987734432613428e-02	
263	2.451924032000073e+00	2.998534403256379e-02	
264	2.461924032000073e+00	3.009334373779330e-02	
265	2.471924032000072e+00	3.020134344182282e-02	
266	2.481924032000072e+00	3.030934314465234e-02	
267	2.491924032000072e+00	3.041734284628186e-02	
268	2.501924032000072e+00	3.052534254671138e-02	
269	2.511924032000072e+00	3.063334224594092e-02	
270	2.521924032000071e+00	3.074134194397045e-02	
271	2.531924032000071e+00	3.084934164079998e-02	
272	2.541924032000071e+00	3.095734133642954e-02	
273	2.551924032000071e+00	3.106534103085909e-02	
274	2.561924032000070e+00	3.117334072408863e-02	
275	2.571924032000070e+00	3.128134041611819e-02	
276	2.581924032000070e+00	3.138934010694774e-02	
277	2.591924032000070e+00	3.149733979657732e-02	
278	2.601924032000070e+00	3.160533948500688e-02	
279	2.611924032000069e+00	3.171333917223643e-02	
280	2.621924032000069e+00	3.182133885826600e-02	
281	2.631924032000069e+00	3.192933854309557e-02	
282	2.641924032000069e+00	3.203733822672516e-02	
283	2.651924032000069e+00	3.214533790915474e-02	
284	2.661924032000068e+00	3.225333759038432e-02	
285	2.671924032000068e+00	3.236133727041392e-02	
286	2.681924032000068e+00	3.246933694924352e-02	

Index   time            v(n1)           
--------------------------------------------------------------------------------
287	2.691924032000068e+00	3.257733662687313e-02	
288	2.701924032000067e+00	3.268533630330273e-02	
289	2.711924032000067e+00	3.279333597853233e-02	
290	2.721924032000067e+00	3.290133565256193e-02	
291	2.731924032000067e+00	3.300933532539155e-02	
292	2.741924032000067e+00	3.311733499702117e-02	
293	2.751924032000066e+00	3.322533466745079e-02	
294	2.761924032000066e+00	3.333333433668042e-02	
295	2.771924032000066e+00	3.344133400471004e-02	
296	2.781924032000066e+00	3.354933367153968e-02	
297	2.791924032000066e+00	3.365733333716932e-02	
298	2.801924032000065e+00	3.376533300159896e-02	
299	2.811924032000065e+00	3.387333266482859e-02	
300	2.821924032000065e+00	3.398133232685825e-02	
301	2.831924032000065e+00	3.408933198768790e-02	
302	2.841924032000064e+00	3.419733164731755e-02	
303	2.851924032000064e+00	3.430533130574720e-02	
304	2.861924032000064e+00	3.441333096297686e-02	
305	2.871924032000064e+00	3.452133061900652e-02	
306	2.881924032000064e+00	3.462933027383620e-02	
307	2.891924032000063e+00	3.473732992746587e-02	
308	2.901924032000063e+00	3.484532957989554e-02	
309	2.911924032000063e+00	3.495332923112523e-02	
310	2.921924032000063e+00	3.506132888115492e-02	
311	2.931924032000063e+00	3.516932852998460e-02	
312	2.941924032000062e+00	3.527732817761429e-02	
313	2.951924032000062e+00	3.538532782404399e-02	
314	2.961924032000062e+00	3.549332746927370e-02	
315	2.971924032000062e+00	3.560132711330340e-02	
316	2.981924032000062e+00	3.570932675613311e-02	
317	2.991924032000061e+00	3.581732639776282e-02	
318	3.001924032000061e+00	3.592532603819254e-02	
319	3.011924032000061e+00	3.603332567742226e-02	
320	3.021924032000061e+00	3.614132531545198e-02	
321	3.031924032000060e+00	3.624932495228173e-02	
322	3.041924032000060e+00	3.635732458791145e-02	
323	3.051924032000060e+00	3.646532422234118e-02	
324	3.061924032000060e+00	3.657332385557092e-02	
325	3.071924032000060e+00	3.668132348760068e-02	
326	3.081924032000059e+00	3.678932311843043e-02	
327	3.091924032000059e+00	3.689732274806019e-02	
328	3.101924032000059e+00	3.700532237648995e-02	
329	3.111924032000059e+00	3.711332200371971e-02	
330	3.121924032000059e+00	3.722132162974947e-02	
331	3.131924032000058e+00	3.732932125457924e-02	
332	3.141924032000058e+00	3.743732087820899e-02	
333	3.151924032000058e+00	3.754532050063876e-02	
334	3.161924032000058e+00	3.765332012186854e-02	
335	3.171924032000057e+00	3.776131974189834e-02	
336	3.181924032000057e+00	3.786931936072812e-02	
337	3.191924032000057e+00	3.797731897835790e-02	
338	3.201924032000057e+00	3.808531859478772e-02	
339	3.211924032000057e+00	3.819331821001752e-02	
340	3.221924032000056e+00	3.830131782404734e-02	
341	3.231924032000056e+00	3.840931743687714e-02	
342	3.241924032000056e+00	3.851731704850696e-02	
343	3.251924032000056e+00	3.862531665893677e-02	
344	3.261924032000056e+00	3.873331626816660e-02	

Index   time            v(n1)           
--------------------------------------------------------------------------------
345	3.271924032000055e+00	3.884131587619644e-02	
346	3.281924032000055e+00	3.894931548302627e-02	
347	3.291924032000055e+00	3.905731508865610e-02	
348	3.301924032000055e+00	3.916531469308594e-02	
349	3.311924032000054e+00	3.927331429631579e-02	
350	3.321924032000054e+00	3.938131389834564e-02	
351	3.331924032000054e+00	3.948931349917550e-02	
352	3.341924032000054e+00	3.959731309880534e-02	
353	3.351924032000054e+00	3.970531269723520e-02	
354	3.361924032000053e+00	3.981331229446505e-02	
355	3.371924032000053e+00	3.992131189049493e-02	
356	3.381924032000053e+00	4.002931148532481e-02	
357	3.391924032000053e+00	4.013731107895469e-02	
358	3.401924032000053e+00	4.024531067138457e-02	
359	3.411924032000052e+00	4.035331026261448e-02	
360	3.421924032000052e+00	4.046130985264438e-02	
361	3.431924032000052e+00	4.056930944147429e-02	
362	3.441924032000052e+00	4.067730902910419e-02	
363	3.451924032000051e+00	4.078530861553410e-02	
364	3.461924032000051e+00	4.089330820076402e-02	
365	3.471924032000051e+00	4.100130778479395e-02	
366	3.481924032000051e+00	4.110930736762387e-02	
367	3.491924032000051e+00	4.121730694925380e-02	
368	3.501924032000050e+00	4.132530652968374e-02	
369	3.511924032000050e+00	4.143330610891368e-02	
370	3.521924032000050e+00	4.154130568694361e-02	
371	3.531924032000050e+00	4.164930526377357e-02	
372	3.541924032000050e+00	4.175730483940352e-02	
373	3.551924032000049e+00	4.186530441383349e-02	
374	3.561924032000049e+00	4.197330398706344e-02	
375	3.571924032000049e+00	4.208130355909339e-02	
376	3.581924032000049e+00	4.218930312992335e-02	
377	3.591924032000049e+00	4.229730269955332e-02	
378	3.601924032000048e+00	4.240530226798331e-02	
379	3.611924032000048e+00	4.251330183521330e-02	
380	3.621924032000048e+00	4.262130140124330e-02	
381	3.631924032000048e+00	4.272930096607331e-02	
382	3.641924032000047e+00	4.283730052970330e-02	
383	3.651924032000047e+00	4.294530009213329e-02	
384	3.661924032000047e+00	4.305329965336330e-02	
385	3.671924032000047e+00	4.316129921339333e-02	
386	3.681924032000047e+00	4.326929877222335e-02	
387	3.691924032000046e+00	4.337729832985338e-02	
388	3.701924032000046e+00	4.348529788628341e-02	
389	3.711924032000046e+00	4.359329744151345e-02	
390	3.721924032000046e+00	4.370129699554350e-02	
391	3.731924032000046e+00	4.380929654837355e-02	
392	3.741924032000045e+00	4.391729610000360e-02	
393	3.751924032000045e+00	4.402529565043364e-02	
394	3.761924032000045e+00	4.413329519966371e-02	
395	3.771924032000045e+00	4.424129474769378e-02	
396	3.781924032000044e+00	4.434929429452384e-02	
397	3.791924032000044e+00	4.445729384015391e-02	
398	3.801924032000044e+00	4.456529338458400e-02	
399	3.811924032000044e+00	4.467329292781409e-02	
400	3.821924032000044e+00	4.478129246984418e-02	
401	3.831924032000043e+00	4.488929201067429e-02	
402	3.841924032000043e+00	4.499729155030439e-02	

Index   time            v(n1)           
--------------------------------------------------------------------------------
403	3.851924032000043e+00	4.510529108873448e-02	
404	3.861924032000043e+00	4.521329062596460e-02	
405	3.871924032000043e+00	4.532129016199472e-02	
406	3.881924032000042e+00	4.542928969682483e-02	
407	3.891924032000042e+00	4.553728923045496e-02	
408	3.901924032000042e+00	4.564528876288509e-02	
409	3.911924032000042e+00	4.575328829411524e-02	
410	3.921924032000041e+00	4.586128782414537e-02	
411	3.931924032000041e+00	4.596928735297552e-02	
412	3.941924032000041e+00	4.607728688060567e-02	
413	3.951924032000041e+00	4.618528640703583e-02	
414	3.961924032000041e+00	4.629328593226599e-02	
415	3.971924032000040e+00	4.640128545629617e-02	
416	3.981924032000040e+00	4.650928497912634e-02	
417	3.991924032000040e+00	4.661728450075652e-02	
418	4.001924032000040e+00	4.672528402118671e-02	
419	4.011924032000040e+00	4.683328354041690e-02	
420	4.021924032000039e+00	4.694128305844709e-02	
421	4.031924032000039e+00	4.704928257527730e-02	
422	4.041924032000039e+00	4.715728209090751e-02	
423	4.051924032000039e+00	4.726528160533771e-02	
424	4.061924032000038e+00	4.737328111856792e-02	
425	4.071924032000038e+00	4.748128063059814e-02	
426	4.081924032000038e+00	4.758928014142837e-02	
427	4.091924032000038e+00	4.769727965105860e-02	
428	4.101924032000038e+00	4.780527915948884e-02	
429	4.111924032000037e+00	4.791327866671909e-02	
430	4.121924032000037e+00	4.802127817274934e-02	
431	4.131924032000037e+00	4.812927767757959e-02	
432	4.141924032000037e+00	4.823727718120985e-02	
433	4.151924032000037e+00	4.834527668364013e-02	
434	4.161924032000036e+00	4.845327618487041e-02	
435	4.171924032000036e+00	4.856127568490069e-02	
436	4.181924032000036e+00	4.866927518373097e-02	
437	4.191924032000036e+00	4.877727468136125e-02	
438	4.201924032000036e+00	4.888527417779156e-02	
439	4.211924032000035e+00	4.899327367302186e-02	
440	4.221924032000035e+00	4.910127316705217e-02	
441	4.231924032000035e+00	4.920927265988247e-02	
442	4.241924032000035e+00	4.931727215151280e-02	
443	4.251924032000034e+00	4.942527164194313e-02	
444	4.261924032000034e+00	4.953327113117346e-02	
445	4.271924032000034e+00	4.964127061920381e-02	
446	4.281924032000034e+00	4.974927010603414e-02	
447	4.291924032000034e+00	4.985726959166448e-02	
448	4.301924032000033e+00	4.996526907609481e-02	
449	4.311924032000033e+00	5.007326855932517e-02	
450	4.321924032000033e+00	5.018126804135553e-02	
451	4.331924032000033e+00	5.028926752218590e-02	
452	4.341924032000033e+00	5.039726700181629e-02	
453	4.351924032000032e+00	5.050526648024666e-02	
454	4.361924032000032e+00	5.061326595747705e-02	
455	4.371924032000032e+00	5.072126543350745e-02	
456	4.381924032000032e+00	5.082926490833786e-02	
457	4.391924032000031e+00	5.093726438196826e-02	
458	4.401924032000031e+00	5.104526385439867e-02	
459	4.411924032000031e+00	5.115326332562909e-02	
460	4.421924032000031e+00	5.126126279565953e-02	

Index   time            v(n1)           
--------------------------------------------------------------------------------
461	4.431924032000031e+00	5.136926226448996e-02	
462	4.441924032000030e+00	5.147726173212038e-02	
463	4.451924032000030e+00	5.158526119855082e-02	
464	4.461924032000030e+00	5.169326066378127e-02	
465	4.471924032000030e+00	5.180126012781172e-02	
466	4.481924032000030e+00	5.190925959064218e-02	
467	4.491924032000029e+00	5.201725905227263e-02	
468	4.501924032000029e+00	5.212525851270312e-02	
469	4.511924032000029e+00	5.223325797193359e-02	
470	4.521924032000029e+00	5.234125742996408e-02	
471	4.531924032000028e+00	5.244925688679457e-02	
472	4.541924032000028e+00	5.255725634242507e-02	
473	4.551924032000028e+00	5.266525579685557e-02	
474	4.561924032000028e+00	5.277325525008606e-02	
475	4.571924032000028e+00	5.288125470211658e-02	
476	4.581924032000027e+00	5.298925415294709e-02	
477	4.591924032000027e+00	5.309725360257762e-02	
478	4.601924032000027e+00	5.320525305100815e-02	
479	4.611924032000027e+00	5.331325249823867e-02	
480	4.621924032000027e+00	5.342125194426924e-02	
481	4.631924032000026e+00	5.352925138909979e-02	
482	4.641924032000026e+00	5.363725083273034e-02	
483	4.651924032000026e+00	5.374525027516092e-02	
484	4.661924032000026e+00	5.385324971639149e-02	
485	4.671924032000025e+00	5.396124915642207e-02	
486	4.681924032000025e+00	5.406924859525265e-02	
487	4.691924032000025e+00	5.417724803288324e-02	
488	4.701924032000025e+00	5.428524746931384e-02	
489	4.711924032000025e+00	5.439324690454445e-02	
490	4.721924032000024e+00	5.450124633857507e-02	
491	4.731924032000024e+00	5.460924577140568e-02	
492	4.741924032000024e+00	5.471724520303629e-02	
493	4.751924032000024e+00	5.482524463346691e-02	
494	4.761924032000024e+00	5.493324406269755e-02	
495	4.771924032000023e+00	5.504124349072821e-02	
496	4.781924032000023e+00	5.514924291755886e-02	
497	4.791924032000023e+00	5.525724234318949e-02	
498	4.801924032000023e+00	5.536524176762014e-02	
499	4.811924032000022e+00	5.547324119085080e-02	
500	4.821924032000022e+00	5.558124061288149e-02	
501	4.831924032000022e+00	5.568924003371217e-02	
502	4.841924032000022e+00	5.579723945334286e-02	
503	4.851924032000022e+00	5.590523887177355e-02	
504	4.861924032000021e+00	5.601323828900425e-02	
505	4.871924032000021e+00	5.612123770503494e-02	
506	4.881924032000021e+00	5.622923711986564e-02	
507	4.891924032000021e+00	5.633723653349635e-02	
508	4.901924032000021e+00	5.644523594592706e-02	
509	4.911924032000020e+00	5.655323535715778e-02	
510	4.921924032000020e+00	5.666123476718852e-02	
511	4.931924032000020e+00	5.676923417601926e-02	
512	4.941924032000020e+00	5.687723358365000e-02	
513	4.951924032000020e+00	5.698523299008077e-02	
514	4.961924032000019e+00	5.709323239531153e-02	
515	4.971924032000019e+00	5.720123179934229e-02	
516	4.981924032000019e+00	5.730923120217307e-02	
517	4.991924032000019e+00	5.741723060380385e-02	
518	5.001924032000018e+00	5.752523000423464e-02	

Index   time            v(n1)           
--------------------------------------------------------------------------------
519	5.011924032000018e+00	5.763322940346545e-02	
520	5.021924032000018e+00	5.774122880149626e-02	
521	5.031924032000018e+00	5.784922819832707e-02	
522	5.041924032000018e+00	5.795722759395786e-02	
523	5.051924032000017e+00	5.806522698838868e-02	
524	5.061924032000017e+00	5.817322638161952e-02	
525	5.071924032000017e+00	5.828122577365034e-02	
526	5.081924032000017e+00	5.838922516448118e-02	
527	5.091924032000017e+00	5.849722455411202e-02	
528	5.101924032000016e+00	5.860522394254288e-02	
529	5.111924032000016e+00	5.871322332977374e-02	
530	5.121924032000016e+00	5.882122271580460e-02	
531	5.131924032000016e+00	5.892922210063547e-02	
532	5.141924032000015e+00	5.903722148426633e-02	
533	5.151924032000015e+00	5.914522086669723e-02	
534	5.161924032000015e+00	5.925322024792815e-02	
535	5.171924032000015e+00	5.936121962795906e-02	
536	5.181924032000015e+00	5.946921900678998e-02	
537	5.191924032000014e+00	5.957721838442090e-02	
538	5.201924032000014e+00	5.968521776085184e-02	
539	5.211924032000014e+00	5.979321713608277e-02	
540	5.221924032000014e+00	5.990121651011372e-02	
541	5.231924032000014e+00	6.000921588294466e-02	
542	5.241924032000013e+00	6.011721525457562e-02	
543	5.251924032000013e+00	6.022521462500656e-02	
544	5.261924032000013e+00	6.033321399423751e-02	
545	5.271924032000013e+00	6.044121336226848e-02	
546	5.281924032000012e+00	6.054921272909945e-02	
547	5.291924032000012e+00	6.065721209473045e-02	
548	5.301924032000012e+00	6.076521145916142e-02	
549	5.311924032000012e+00	6.087321082239239e-02	
550	5.321924032000012e+00	6.098121018442340e-02	
551	5.331924032000011e+00	6.108920954525442e-02	
552	5.341924032000011e+00	6.119720890488545e-02	
553	5.351924032000011e+00	6.130520826331649e-02	
554	5.361924032000011e+00	6.141320762054754e-02	
555	5.371924032000011e+00	6.152120697657859e-02	
556	5.381924032000010e+00	6.162920633140963e-02	
557	5.391924032000010e+00	6.173720568504069e-02	
558	5.401924032000010e+00	6.184520503747177e-02	
559	5.411924032000010e+00	6.195320438870282e-02	
560	5.421924032000009e+00	6.206120373873391e-02	
561	5.431924032000009e+00	6.216920308756502e-02	
562	5.441924032000009e+00	6.227720243519613e-02	
563	5.451924032000009e+00	6.238520178162722e-02	
564	5.461924032000009e+00	6.249320112685832e-02	
565	5.471924032000008e+00	6.260120047088943e-02	
566	5.481924032000008e+00	6.270919981372057e-02	
567	5.491924032000008e+00	6.281719915535171e-02	
568	5.501924032000008e+00	6.292519849578285e-02	
569	5.511924032000008e+00	6.303319783501400e-02	
570	5.521924032000007e+00	6.314119717304517e-02	
571	5.531924032000007e+00	6.324919650987633e-02	
572	5.541924032000007e+00	6.335719584550747e-02	
573	5.551924032000007e+00	6.346519517993864e-02	
574	5.561924032000007e+00	6.357319451316980e-02	
575	5.571924032000006e+00	6.368119384520099e-02	
576	5.581924032000006e+00	6.378919317603220e-02	

Index   time            v(n1)           
--------------------------------------------------------------------------------
577	5.591924032000006e+00	6.389719250566341e-02	
578	5.601924032000006e+00	6.400519183409460e-02	
579	5.611924032000005e+00	6.411319116132580e-02	
580	5.621924032000005e+00	6.422119048735704e-02	
581	5.631924032000005e+00	6.432918981218830e-02	
582	5.641924032000005e+00	6.443718913581953e-02	
583	5.651924032000005e+00	6.454518845825079e-02	
584	5.661924032000004e+00	6.465318777948204e-02	
585	5.671924032000004e+00	6.476118709951328e-02	
586	5.681924032000004e+00	6.486918641834455e-02	
587	5.691924032000004e+00	6.497718573597581e-02	
588	5.701924032000004e+00	6.508518505240711e-02	
589	5.711924032000003e+00	6.519318436763839e-02	
590	5.721924032000003e+00	6.530118368166971e-02	
591	5.731924032000003e+00	6.540918299450102e-02	
592	5.741924032000003e+00	6.551718230613232e-02	
593	5.751924032000002e+00	6.562518161656365e-02	
594	5.761924032000002e+00	6.573318092579498e-02	
595	5.771924032000002e+00	6.584118023382635e-02	
596	5.781924032000002e+00	6.594917954065770e-02	
597	5.791924032000002e+00	6.605717884628906e-02	
598	5.801924032000001e+00	6.616517815072043e-02	
599	5.811924032000001e+00	6.627317745395180e-02	
600	5.821924032000001e+00	6.638117675598318e-02	
601	5.831924032000001e+00	6.648917605681458e-02	
602	5.841924032000001e+00	6.659717535644598e-02	
603	5.851924032000000e+00	6.670517465487738e-02	
604	5.861924032000000e+00	6.681317395210881e-02	
605	5.871924032000000e+00	6.692117324814023e-02	
606	5.881924032000000e+00	6.702917254297165e-02	
607	5.891924031999999e+00	6.713717183660310e-02	
608	5.901924031999999e+00	6.724517112903455e-02	
609	5.911924031999999e+00	6.735317042026598e-02	
610	5.921924031999999e+00	6.746116971029743e-02	
611	5.931924031999999e+00	6.756916899912892e-02	
612	5.941924031999998e+00	6.767716828676038e-02	
613	5.951924031999998e+00	6.778516757319186e-02	
614	5.961924031999998e+00	6.789316685842334e-02	
615	5.971924031999998e+00	6.800116614245483e-02	
616	5.981924031999998e+00	6.810916542528633e-02	
617	5.991924031999997e+00	6.821716470691784e-02	
618	6.001924031999997e+00	6.832516398734936e-02	
619	6.011924031999997e+00	6.843316326658090e-02	
620	6.021924031999997e+00	6.854116254461243e-02	
621	6.031924031999996e+00	6.864916182144401e-02	
622	6.041924031999996e+00	6.875716109707558e-02	
623	6.051924031999996e+00	6.886516037150714e-02	
624	6.061924031999996e+00	6.897315964473870e-02	
625	6.071924031999996e+00	6.908115891677027e-02	
626	6.081924031999995e+00	6.918915818760187e-02	
627	6.091924031999995e+00	6.929715745723344e-02	
628	6.101924031999995e+00	6.940515672566504e-02	
629	6.111924031999995e+00	6.951315599289663e-02	
630	6.121924031999995e+00	6.962115525892826e-02	
631	6.131924031999994e+00	6.972915452375987e-02	
632	6.141924031999994e+00	6.983715378739151e-02	
633	6.151924031999994e+00	6.994515304982313e-02	
634	6.161924031999994e+00	7.005315231105477e-02	

Index   time            v(n1)           
--------------------------------------------------------------------------------
635	6.171924031999994e+00	7.016115157108646e-02	
636	6.181924031999993e+00	7.026915082991815e-02	
637	6.191924031999993e+00	7.037715008754980e-02	
638	6.201924031999993e+00	7.048514934398151e-02	
639	6.211924031999993e+00	7.059314859921320e-02	
640	6.221924031999992e+00	7.070114785324491e-02	
641	6.231924031999992e+00	7.080914710607664e-02	
642	6.241924031999992e+00	7.091714635770835e-02	
643	6.251924031999992e+00	7.102514560814008e-02	
644	6.261924031999992e+00	7.113314485737182e-02	
645	6.271924031999991e+00	7.124114410540357e-02	
646	6.281924031999991e+00	7.134914335223533e-02	
647	6.291924031999991e+00	7.145714259786708e-02	
648	6.301924031999991e+00	7.156514184229883e-02	
649	6.311924031999991e+00	7.167314108553061e-02	
650	6.321924031999990e+00	7.178114032756239e-02	
651	6.331924031999990e+00	7.188913956839423e-02	
652	6.341924031999990e+00	7.199713880802600e-02	
653	6.351924031999990e+00	7.210513804645778e-02	
654	6.361924031999989e+00	7.221313728368961e-02	
655	6.371924031999989e+00	7.232113651972143e-02	
656	6.381924031999989e+00	7.242913575455326e-02	
657	6.391924031999989e+00	7.253713498818511e-02	
658	6.401924031999989e+00	7.264513422061696e-02	
659	6.411924031999988e+00	7.275313345184881e-02	
660	6.421924031999988e+00	7.286113268188067e-02	
661	6.431924031999988e+00	7.296913191071254e-02	
662	6.441924031999988e+00	7.307713113834441e-02	
663	6.451924031999988e+00	7.318513036477628e-02	
664	6.461924031999987e+00	7.329312959000818e-02	
665	6.471924031999987e+00	7.340112881404011e-02	
666	6.481924031999987e+00	7.350912803687204e-02	
667	6.491924031999987e+00	7.361712725850399e-02	
668	6.501924031999986e+00	7.372512647893595e-02	
669	6.511924031999986e+00	7.383312569816787e-02	
670	6.521924031999986e+00	7.394112491619978e-02	
671	6.531924031999986e+00	7.404912413303173e-02	
672	6.541924031999986e+00	7.415712334866371e-02	
673	6.551924031999985e+00	7.426512256309573e-02	
674	6.561924031999985e+00	7.437312177632768e-02	
675	6.571924031999985e+00	7.448112098835970e-02	
676	6.581924031999985e+00	7.458912019919167e-02	
677	6.591924031999985e+00	7.469711940882368e-02	
678	6.601924031999984e+00	7.480511861725569e-02	
679	6.611924031999984e+00	7.491311782448772e-02	
680	6.621924031999984e+00	7.502111703051977e-02	
681	6.631924031999984e+00	7.512911623535184e-02	
682	6.641924031999983e+00	7.523711543898390e-02	
683	6.651924031999983e+00	7.534511464141599e-02	
684	6.661924031999983e+00	7.545311384264808e-02	
685	6.671924031999983e+00	7.556111304268016e-02	
686	6.681924031999983e+00	7.566911224151222e-02	
687	6.691924031999982e+00	7.577711143914431e-02	
688	6.701924031999982e+00	7.588511063557643e-02	
689	6.711924031999982e+00	7.599310983080855e-02	
690	6.721924031999982e+00	7.610110902484067e-02	
691	6.731924031999982e+00	7.620910821767281e-02	
692	6.741924031999981e+00	7.631710740930500e-02	

Index   time            v(n1)           
--------------------------------------------------------------------------------
693	6.751924031999981e+00	7.642510659973717e-02	
694	6.761924031999981e+00	7.653310578896935e-02	
695	6.771924031999981e+00	7.664110497700152e-02	
696	6.781924031999981e+00	7.674910416383371e-02	
697	6.791924031999980e+00	7.685710334946592e-02	
698	6.801924031999980e+00	7.696510253389814e-02	
699	6.811924031999980e+00	7.707310171713036e-02	
700	6.821924031999980e+00	7.718110089916259e-02	
701	6.831924031999979e+00	7.728910007999484e-02	
702	6.841924031999979e+00	7.739709925962708e-02	
703	6.851924031999979e+00	7.750509843805936e-02	
704	6.861924031999979e+00	7.761309761529163e-02	
705	6.871924031999979e+00	7.772109679132390e-02	
706	6.881924031999978e+00	7.782909596615616e-02	
707	6.891924031999978e+00	7.793709513978843e-02	
708	6.901924031999978e+00	7.804509431222069e-02	
709	6.911924031999978e+00	7.815309348345302e-02	
710	6.921924031999978e+00	7.826109265348533e-02	
711	6.931924031999977e+00	7.836909182231766e-02	
712	6.941924031999977e+00	7.847709098995000e-02	
713	6.951924031999977e+00	7.858509015638236e-02	
714	6.961924031999977e+00	7.869308932161473e-02	
715	6.971924031999976e+00	7.880108848564706e-02	
716	6.981924031999976e+00	7.890908764847944e-02	
717	6.991924031999976e+00	7.901708681011183e-02	
718	7.001924031999976e+00	7.912508597054427e-02	
719	7.011924031999976e+00	7.923308512977664e-02	
720	7.021924031999975e+00	7.934108428780906e-02	
721	7.031924031999975e+00	7.944908344464149e-02	
722	7.041924031999975e+00	7.955708260027393e-02	
723	7.051924031999975e+00	7.966508175470638e-02	
724	7.061924031999975e+00	7.977308090793882e-02	
725	7.071924031999974e+00	7.988108005997129e-02	
726	7.081924031999974e+00	7.998907921080375e-02	
727	7.091924031999974e+00	8.009707836043624e-02	
728	7.101924031999974e+00	8.020507750886872e-02	
729	7.111924031999973e+00	8.031307665610121e-02	
730	7.121924031999973e+00	8.042107580213373e-02	
731	7.131924031999973e+00	8.052907494696626e-02	
732	7.141924031999973e+00	8.063707409059878e-02	
733	7.151924031999973e+00	8.074507323303129e-02	
734	7.161924031999972e+00	8.085307237426384e-02	
735	7.171924031999972e+00	8.096107151429641e-02	
736	7.181924031999972e+00	8.106907065312897e-02	
737	7.191924031999972e+00	8.117706979076152e-02	
738	7.201924031999972e+00	8.128506892719407e-02	
739	7.211924031999971e+00	8.139306806242667e-02	
740	7.221924031999971e+00	8.150106719645928e-02	
741	7.231924031999971e+00	8.160906632929188e-02	
742	7.241924031999971e+00	8.171706546092448e-02	
743	7.251924031999970e+00	8.182506459135711e-02	
744	7.261924031999970e+00	8.193306372058974e-02	
745	7.271924031999970e+00	8.204106284862238e-02	
746	7.281924031999970e+00	8.214906197545505e-02	
747	7.291924031999970e+00	8.225706110108771e-02	
748	7.301924031999969e+00	8.236506022552037e-02	
749	7.311924031999969e+00	8.247305934875304e-02	
750	7.321924031999969e+00	8.258105847078573e-02	

Index   time            v(n1)           
--------------------------------------------------------------------------------
751	7.331924031999969e+00	8.268905759161843e-02	
752	7.341924031999969e+00	8.279705671125115e-02	
753	7.351924031999968e+00	8.290505582968387e-02	
754	7.361924031999968e+00	8.301305494691659e-02	
755	7.371924031999968e+00	8.312105406294931e-02	
756	7.381924031999968e+00	8.322905317778208e-02	
757	7.391924031999968e+00	8.333705229141485e-02	
758	7.401924031999967e+00	8.344505140384763e-02	
759	7.411924031999967e+00	8.355305051508041e-02	
760	7.421924031999967e+00	8.366104962511321e-02	
761	7.431924031999967e+00	8.376904873394604e-02	
762	7.441924031999966e+00	8.387704784157883e-02	
763	7.451924031999966e+00	8.398504694801166e-02	
764	7.461924031999966e+00	8.409304605324447e-02	
765	7.471924031999966e+00	8.420104515727729e-02	
766	7.481924031999966e+00	8.430904426011017e-02	
767	7.491924031999965e+00	8.441704336174305e-02	
768	7.501924031999965e+00	8.452504246217592e-02	
769	7.511924031999965e+00	8.463304156140883e-02	
770	7.521924031999965e+00	8.474104065944173e-02	
771	7.531924031999965e+00	8.484903975627460e-02	
772	7.541924031999964e+00	8.495703885190752e-02	
773	7.551924031999964e+00	8.506503794634042e-02	
774	7.561924031999964e+00	8.517303703957337e-02	
775	7.571924031999964e+00	8.528103613160631e-02	
776	7.581924031999963e+00	8.538903522243926e-02	
777	7.591924031999963e+00	8.549703431207226e-02	
778	7.601924031999963e+00	8.560503340050524e-02	
779	7.611924031999963e+00	8.571303248773821e-02	
780	7.621924031999963e+00	8.582103157377118e-02	
781	7.631924031999962e+00	8.592903065860417e-02	
782	7.641924031999962e+00	8.603702974223718e-02	
783	7.651924031999962e+00	8.614502882467019e-02	
784	7.661924031999962e+00	8.625302790590324e-02	
785	7.671924031999962e+00	8.636102698593626e-02	
786	7.681924031999961e+00	8.646902606476932e-02	
787	7.691924031999961e+00	8.657702514240237e-02	
788	7.701924031999961e+00	8.668502421883545e-02	
789	7.711924031999961e+00	8.679302329406853e-02	
790	7.721924031999960e+00	8.690102236810164e-02	
791	7.731924031999960e+00	8.700902144093477e-02	
792	7.741924031999960e+00	8.711702051256791e-02	
793	7.751924031999960e+00	8.722501958300105e-02	
794	7.761924031999960e+00	8.733301865223418e-02	
795	7.771924031999959e+00	8.744101772026730e-02	
796	7.781924031999959e+00	8.754901678710043e-02	
797	7.791924031999959e+00	8.765701585273361e-02	
798	7.801924031999959e+00	8.776501491716678e-02	
799	7.811924031999959e+00	8.787301398039998e-02	
800	7.821924031999958e+00	8.798101304243319e-02	
801	7.831924031999958e+00	8.808901210326640e-02	
802	7.841924031999958e+00	8.819701116289962e-02	
803	7.851924031999958e+00	8.830501022133284e-02	
804	7.861924031999957e+00	8.841300927856609e-02	
805	7.871924031999957e+00	8.852100833459933e-02	
806	7.881924031999957e+00	8.862900738943261e-02	
807	7.891924031999957e+00	8.873700644306590e-02	
808	7.901924031999957e+00	8.884500549549916e-02	

Index   time            v(n1)           
--------------------------------------------------------------------------------
809	7.911924031999956e+00	8.895300454673248e-02	
810	7.921924031999956e+00	8.906100359676579e-02	
811	7.931924031999956e+00	8.916900264559913e-02	
812	7.941924031999956e+00	8.927700169323244e-02	
813	7.951924031999956e+00	8.938500073966575e-02	
814	7.961924031999955e+00	8.949299978489912e-02	
815	7.971924031999955e+00	8.960099882893245e-02	
816	7.981924031999955e+00	8.970899787176584e-02	
817	7.991924031999955e+00	8.981699691339924e-02	
818	8.001924031999955e+00	8.992499595383262e-02	
819	8.011924031999955e+00	9.003299499306601e-02	
820	8.021924031999955e+00	9.014099403109943e-02	
821	8.031924031999955e+00	9.024899306793285e-02	
822	8.041924031999955e+00	9.035699210356629e-02	
823	8.051924031999954e+00	9.046499113799973e-02	
824	8.061924031999954e+00	9.057299017123321e-02	
825	8.071924031999954e+00	9.068098920326666e-02	
826	8.081924031999954e+00	9.078898823410016e-02	
827	8.091924031999953e+00	9.089698726373367e-02	
828	8.101924031999953e+00	9.100498629216718e-02	
829	8.111924031999953e+00	9.111298531940067e-02	
830	8.121924031999953e+00	9.122098434543421e-02	
831	8.131924031999953e+00	9.132898337026775e-02	
832	8.141924031999952e+00	9.143698239390127e-02	
833	8.151924031999952e+00	9.154498141633480e-02	
834	8.161924031999952e+00	9.165298043756838e-02	
835	8.171924031999952e+00	9.176097945760198e-02	
836	8.181924031999952e+00	9.186897847643555e-02	
837	8.191924031999951e+00	9.197697749406918e-02	
838	8.201924031999951e+00	9.208497651050279e-02	
839	8.211924031999951e+00	9.219297552573640e-02	
840	8.221924031999951e+00	9.230097453977003e-02	
841	8.231924031999950e+00	9.240897355260368e-02	
842	8.241924031999950e+00	9.251697256423734e-02	
843	8.251924031999950e+00	9.262497157467103e-02	
844	8.261924031999950e+00	9.273297058390473e-02	
845	8.271924031999950e+00	9.284096959193841e-02	
846	8.281924031999949e+00	9.294896859877211e-02	
847	8.291924031999949e+00	9.305696760440581e-02	
848	8.301924031999949e+00	9.316496660883952e-02	
849	8.311924031999949e+00	9.327296561207328e-02	
850	8.321924031999949e+00	9.338096461410707e-02	
851	8.331924031999948e+00	9.348896361494081e-02	
852	8.341924031999948e+00	9.359696261457459e-02	
853	8.351924031999948e+00	9.370496161300840e-02	
854	8.361924031999948e+00	9.381296061024216e-02	
855	8.371924031999948e+00	9.392095960627594e-02	
856	8.381924031999947e+00	9.402895860110974e-02	
857	8.391924031999947e+00	9.413695759474357e-02	
858	8.401924031999947e+00	9.424495658717741e-02	
859	8.411924031999947e+00	9.435295557841125e-02	
860	8.421924031999946e+00	9.446095456844510e-02	
861	8.431924031999946e+00	9.456895355727897e-02	
862	8.441924031999946e+00	9.467695254491282e-02	
863	8.451924031999946e+00	9.478495153134670e-02	
864	8.461924031999946e+00	9.489295051658057e-02	
865	8.471924031999945e+00	9.500094950061447e-02	
866	8.481924031999945e+00	9.510894848344838e-02	

Index   time            v(n1)           
--------------------------------------------------------------------------------
867	8.491924031999945e+00	9.521694746508233e-02	
868	8.501924031999945e+00	9.532494644551633e-02	
869	8.511924031999945e+00	9.543294542475027e-02	
870	8.521924031999944e+00	9.554094440278423e-02	
871	8.531924031999944e+00	9.564894337961823e-02	
872	8.541924031999944e+00	9.575694235525220e-02	
873	8.551924031999944e+00	9.586494132968618e-02	
874	8.561924031999943e+00	9.597294030292018e-02	
875	8.571924031999943e+00	9.608093927495420e-02	
876	8.581924031999943e+00	9.618893824578822e-02	
877	8.591924031999943e+00	9.629693721542223e-02	
878	8.601924031999943e+00	9.640493618385632e-02	
879	8.611924031999942e+00	9.651293515109038e-02	
880	8.621924031999942e+00	9.662093411712447e-02	
881	8.631924031999942e+00	9.672893308195857e-02	
882	8.641924031999942e+00	9.683693204559268e-02	
883	8.651924031999942e+00	9.694493100802680e-02	
884	8.661924031999941e+00	9.705292996926090e-02	
885	8.671924031999941e+00	9.716092892929505e-02	
886	8.681924031999941e+00	9.726892788812921e-02	
887	8.691924031999941e+00	9.737692684576338e-02	
888	8.701924031999940e+00	9.748492580219754e-02	
889	8.711924031999940e+00	9.759292475743173e-02	
890	8.721924031999940e+00	9.770092371146592e-02	
891	8.731924031999940e+00	9.780892266430015e-02	
892	8.741924031999940e+00	9.791692161593439e-02	
893	8.751924031999939e+00	9.802492056636862e-02	
894	8.761924031999939e+00	9.813291951560285e-02	
895	8.771924031999939e+00	9.824091846363711e-02	
896	8.781924031999939e+00	9.834891741047136e-02	
897	8.791924031999939e+00	9.845691635610562e-02	
898	8.801924031999938e+00	9.856491530053993e-02	
899	8.811924031999938e+00	9.867291424377424e-02	
900	8.821924031999938e+00	9.878091318580853e-02	
901	8.831924031999938e+00	9.888891212664286e-02	
902	8.841924031999937e+00	9.899691106627720e-02	
903	8.851924031999937e+00	9.910491000471150e-02	
904	8.861924031999937e+00	9.921290894194587e-02	
905	8.871924031999937e+00	9.932090787798024e-02	
906	8.881924031999937e+00	9.942890681281462e-02	
907	8.891924031999936e+00	9.953690574644901e-02	
908	8.901924031999936e+00	9.964490467888341e-02	
909	8.911924031999936e+00	9.975290361011784e-02	
910	8.921924031999936e+00	9.986090254015229e-02	
911	8.931924031999936e+00	9.996890146898671e-02	
912	8.941924031999935e+00	1.000769003966212e-01	
913	8.951924031999935e+00	1.001848993230557e-01	
914	8.961924031999935e+00	1.002928982482902e-01	
915	8.971924031999935e+00	1.004008971723247e-01	
916	8.981924031999934e+00	1.005088960951592e-01	
917	8.991924031999934e+00	1.006168950167937e-01	
918	9.001924031999934e+00	1.007248939372282e-01	
919	9.011924031999934e+00	1.008328928564628e-01	
920	9.021924031999934e+00	1.009408917744973e-01	
921	9.031924031999933e+00	1.010488906913319e-01	
922	9.041924031999933e+00	1.011568896069664e-01	
923	9.051924031999933e+00	1.012648885214010e-01	
924	9.061924031999933e+00	1.013728874346357e-01	

Index   time            v(n1)           
--------------------------------------------------------------------------------
925	9.071924031999933e+00	1.014808863466703e-01	
926	9.081924031999932e+00	1.015888852575049e-01	
927	9.091924031999932e+00	1.016968841671396e-01	
928	9.101924031999932e+00	1.018048830755742e-01	
929	9.111924031999932e+00	1.019128819828089e-01	
930	9.121924031999932e+00	1.020208808888435e-01	
931	9.131924031999931e+00	1.021288797936782e-01	
932	9.141924031999931e+00	1.022368786973129e-01	
933	9.151924031999931e+00	1.023448775997476e-01	
934	9.161924031999931e+00	1.024528765009824e-01	
935	9.171924031999930e+00	1.025608754010171e-01	
936	9.181924031999930e+00	1.026688742998518e-01	
937	9.191924031999930e+00	1.027768731974866e-01	
938	9.201924031999930e+00	1.028848720939213e-01	
939	9.211924031999930e+00	1.029928709891561e-01	
940	9.221924031999929e+00	1.031008698831909e-01	
941	9.231924031999929e+00	1.032088687760257e-01	
942	9.241924031999929e+00	1.033168676676605e-01	
943	9.251924031999929e+00	1.034248665580953e-01	
944	9.261924031999929e+00	1.035328654473301e-01	
945	9.271924031999928e+00	1.036408643353650e-01	
946	9.281924031999928e+00	1.037488632221999e-01	
947	9.291924031999928e+00	1.038568621078348e-01	
948	9.301924031999928e+00	1.039648609922698e-01	
949	9.311924031999927e+00	1.040728598755047e-01	
950	9.321924031999927e+00	1.041808587575396e-01	
951	9.331924031999927e+00	1.042888576383746e-01	
952	9.341924031999927e+00	1.043968565180095e-01	
953	9.351924031999927e+00	1.045048553964445e-01	
954	9.361924031999926e+00	1.046128542736794e-01	
955	9.371924031999926e+00	1.047208531497144e-01	
956	9.381924031999926e+00	1.048288520245494e-01	
957	9.391924031999926e+00	1.049368508981844e-01	
958	9.401924031999926e+00	1.050448497706194e-01	
959	9.411924031999925e+00	1.051528486418544e-01	
960	9.421924031999925e+00	1.052608475118895e-01	
961	9.431924031999925e+00	1.053688463807245e-01	
962	9.441924031999925e+00	1.054768452483596e-01	
963	9.451924031999924e+00	1.055848441147947e-01	
964	9.461924031999924e+00	1.056928429800298e-01	
965	9.471924031999924e+00	1.058008418440649e-01	
966	9.481924031999924e+00	1.059088407069000e-01	
967	9.491924031999924e+00	1.060168395685352e-01	
968	9.501924031999923e+00	1.061248384289704e-01	
969	9.511924031999923e+00	1.062328372882055e-01	
970	9.521924031999923e+00	1.063408361462407e-01	
971	9.531924031999923e+00	1.064488350030759e-01	
972	9.541924031999923e+00	1.065568338587111e-01	
973	9.551924031999922e+00	1.066648327131462e-01	
974	9.561924031999922e+00	1.067728315663814e-01	
975	9.571924031999922e+00	1.068808304184167e-01	
976	9.581924031999922e+00	1.069888292692519e-01	
977	9.591924031999921e+00	1.070968281188872e-01	
978	9.601924031999921e+00	1.072048269673225e-01	
979	9.611924031999921e+00	1.073128258145577e-01	
980	9.621924031999921e+00	1.074208246605931e-01	
981	9.631924031999921e+00	1.075288235054284e-01	
982	9.641924031999920e+00	1.076368223490637e-01	

Index   time            v(n1)           
--------------------------------------------------------------------------------
983	9.651924031999920e+00	1.077448211914990e-01	
984	9.661924031999920e+00	1.078528200327343e-01	
985	9.671924031999920e+00	1.079608188727697e-01	
986	9.681924031999920e+00	1.080688177116051e-01	
987	9.691924031999919e+00	1.081768165492405e-01	
988	9.701924031999919e+00	1.082848153856759e-01	
989	9.711924031999919e+00	1.083928142209113e-01	
990	9.721924031999919e+00	1.085008130549467e-01	
991	9.731924031999919e+00	1.086088118877822e-01	
992	9.741924031999918e+00	1.087168107194176e-01	
993	9.751924031999918e+00	1.088248095498531e-01	
994	9.761924031999918e+00	1.089328083790885e-01	
995	9.771924031999918e+00	1.090408072071240e-01	
996	9.781924031999917e+00	1.091488060339595e-01	
997	9.791924031999917e+00	1.092568048595950e-01	
998	9.801924031999917e+00	1.093648036840306e-01	
999	9.811924031999917e+00	1.094728025072662e-01	
1000	9.821924031999917e+00	1.095808013293017e-01	
1001	9.831924031999916e+00	1.096888001501373e-01	
1002	9.841924031999916e+00	1.097967989697729e-01	
1003	9.851924031999916e+00	1.099047977882084e-01	
1004	9.861924031999916e+00	1.100127966054440e-01	
1005	9.871924031999916e+00	1.101207954214796e-01	
1006	9.881924031999915e+00	1.102287942363153e-01	
1007	9.891924031999915e+00	1.103367930499509e-01	
1008	9.901924031999915e+00	1.104447918623865e-01	
1009	9.911924031999915e+00	1.105527906736222e-01	
1010	9.921924031999914e+00	1.106607894836578e-01	
1011	9.931924031999914e+00	1.107687882924935e-01	
1012	9.941924031999914e+00	1.108767871001292e-01	
1013	9.951924031999914e+00	1.109847859065649e-01	
1014	9.961924031999914e+00	1.110927847118007e-01	
1015	9.971924031999913e+00	1.112007835158365e-01	
1016	9.981924031999913e+00	1.113087823186722e-01	
1017	9.991924031999913e+00	1.114167811203080e-01	
1018	1.000192403199991e+01	1.115247799207438e-01	
1019	1.001192403199991e+01	1.116327787199797e-01	
1020	1.002192403199991e+01	1.117407775180155e-01	
1021	1.003192403199991e+01	1.118487763148514e-01	
1022	1.004192403199991e+01	1.119567751104872e-01	
1023	1.005192403199991e+01	1.120647739049231e-01	
1024	1.006192403199991e+01	1.121727726981589e-01	
1025	1.007192403199991e+01	1.122807714901948e-01	
1026	1.008192403199991e+01	1.123887702810307e-01	
1027	1.009192403199991e+01	1.124967690706667e-01	
1028	1.010192403199991e+01	1.126047678591026e-01	
1029	1.011192403199991e+01	1.127127666463385e-01	
1030	1.012192403199991e+01	1.128207654323745e-01	
1031	1.013192403199991e+01	1.129287642172105e-01	
1032	1.014192403199991e+01	1.130367630008464e-01	
1033	1.015192403199991e+01	1.131447617832825e-01	
1034	1.016192403199991e+01	1.132527605645185e-01	
1035	1.017192403199991e+01	1.133607593445546e-01	
1036	1.018192403199991e+01	1.134687581233906e-01	
1037	1.019192403199991e+01	1.135767569010267e-01	
1038	1.020192403199991e+01	1.136847556774627e-01	
1039	1.021192403199991e+01	1.137927544526988e-01	
1040	1.022192403199991e+01	1.139007532267349e-01	

Index   time            v(n1)           
--------------------------------------------------------------------------------
1041	1.023192403199991e+01	1.140087519995710e-01	
1042	1.024192403199991e+01	1.141167507712071e-01	
1043	1.025192403199991e+01	1.142247495416433e-01	
1044	1.026192403199991e+01	1.143327483108794e-01	
1045	1.027192403199991e+01	1.144407470789156e-01	
1046	1.028192403199991e+01	1.145487458457518e-01	
1047	1.029192403199991e+01	1.146567446113880e-01	
1048	1.030192403199991e+01	1.147647433758242e-01	
1049	1.031192403199991e+01	1.148727421390605e-01	
1050	1.032192403199991e+01	1.149807409010967e-01	
1051	1.033192403199991e+01	1.150887396619329e-01	
1052	1.034192403199991e+01	1.151967384215691e-01	
1053	1.035192403199991e+01	1.153047371800054e-01	
1054	1.036192403199991e+01	1.154127359372417e-01	
1055	1.037192403199990e+01	1.155207346932781e-01	
1056	1.038192403199990e+01	1.156287334481144e-01	
1057	1.039192403199990e+01	1.157367322017507e-01	
1058	1.040192403199990e+01	1.158447309541870e-01	
1059	1.041192403199990e+01	1.159527297054234e-01	
1060	1.042192403199990e+01	1.160607284554598e-01	
1061	1.043192403199990e+01	1.161687272042961e-01	
1062	1.044192403199990e+01	1.162767259519325e-01	
1063	1.045192403199990e+01	1.163847246983689e-01	
1064	1.046192403199990e+01	1.164927234436053e-01	
1065	1.047192403199990e+01	1.166007221876417e-01	
1066	1.048192403199990e+01	1.167087209304782e-01	
1067	1.049192403199990e+01	1.168167196721147e-01	
1068	1.050000000000000e+01	1.169039391093895e-01	
ngspice-42 done
Using SPARSE 1.3 as Direct Linear Solver
